1000 (40.4413,-80.0047)
1001 (40.4409,-80.0031)
1002 (40.439,-80.0019)
1003 (40.4372,-80.0004)
1004 (40.4359,-79.9971)
1005 (40.4388,-79.9974)
1006 (40.4402,-79.9951)
1007 (40.4376,-79.9867)
1008 (40.4404,-79.9886)
1042 (40.4452,-79.9769)
1047 (40.4286,-79.9746)
1048 (40.4293,-79.9807)
1049 (40.4287,-79.9864)
1046 (40.428,-79.9698)
1045 (40.4279,-79.9661)
1044 (40.436,-79.9569)
1043 (40.4389,-79.9602)
1036 (40.4424,-79.9515)
1037 (40.441,-79.948)
1038 (40.4343,-79.9519)
1039 (40.438,-79.9537)
1041 (40.4423,-79.9576)
1040 (40.4451,-79.9571)
1035 (40.4467,-79.9508)
1034 (40.4484,-79.9474)
1033 (40.4518,-79.9323)
1031 (40.4563,-79.931)
1032 (40.4534,-79.9273)
1028 (40.4558,-79.9152)
1027 (40.459,-79.922)
1029 (40.4574,-79.9249)
1026 (40.4616,-79.9256)
1025 (40.4644,-79.9332)
1024 (40.4587,-79.9335)
1030 (40.4589,-79.9291)
1023 (40.4565,-79.9394)
1022 (40.4598,-79.9455)
1021 (40.4628,-79.9509)
1020 (40.4659,-79.9544)
1019 (40.4702,-79.9607)
1018 (40.4661,-79.9646)
1061 (40.462,-79.9681)
1017 (40.4517,-79.9832)
1016 (40.4496,-79.9859)
1009 (40.4458,-79.9924)
1010 (40.4447,-79.9958)
1015 (40.4551,-80.0063)
1014 (40.4506,-80.0132)
1012 (40.4458,-80.0089)
1013 (40.4472,-80.0036)
1011 (40.4448,-80.0008)
Duration: 11129 seconds
