1012 (0.445834,-80.0089)
1000 (0.441326,-80.0047)
1001 (0.440877,-80.0031)
1002 (0.43903,-80.0019)
1003 (0.4372,-80.0004)
1004 (0.435887,-79.9971)
1005 (0.438761,-79.9974)
1006 (0.440193,-79.9951)
1008 (0.440368,-79.9886)
1007 (0.437643,-79.9867)
1049 (0.428661,-79.9864)
1048 (0.429338,-79.9807)
1047 (0.428576,-79.9746)
1046 (0.42802,-79.9698)
1045 (0.427899,-79.9661)
1038 (0.434338,-79.9519)
1039 (0.437987,-79.9537)
1044 (0.435986,-79.9569)
1043 (0.438876,-79.9602)
1041 (0.442325,-79.9576)
1040 (0.445128,-79.9571)
1036 (0.442398,-79.9515)
1037 (0.441032,-79.948)
1035 (0.446704,-79.9508)
1034 (0.448419,-79.9474)
1033 (0.45177,-79.9323)
1032 (0.453382,-79.9273)
1029 (0.457415,-79.9249)
1028 (0.455821,-79.9152)
1027 (0.458972,-79.922)
1026 (0.461603,-79.9256)
1030 (0.458933,-79.9291)
1031 (0.45628,-79.931)
1024 (0.458714,-79.9335)
1025 (0.464443,-79.9332)
1023 (0.456505,-79.9394)
1022 (0.459812,-79.9455)
1021 (0.462769,-79.9509)
1020 (0.465893,-79.9544)
1019 (0.470212,-79.9607)
1018 (0.466103,-79.9646)
1061 (0.462026,-79.9681)
1042 (0.445236,-79.9769)
1017 (0.451742,-79.9832)
1016 (0.449631,-79.9859)
1009 (0.445844,-79.9924)
1010 (0.444665,-79.9958)
1011 (0.444777,-80.0008)
1013 (0.447166,-80.0036)
1015 (0.455091,-80.0063)
1014 (0.450595,-80.0132)
Duration: 13039 seconds
